1026
1027
1029
1031
1050
10664
10735
11200
120892
1499
171023
1788
1956
1974
1999
2033
2068
207
2122
2146
2261
2263
2322
23451
2475
25942
2625
29072
2909
3082
3169
3170
324
3417
3418
367
378938
3815
3845
3977
4087
4089
4214
440093
472
4763
4780
4851
4869
4893
5093
5156
51755
5290
5294
5295
545
546
54790
5518
55193
55294
5728
5781
58508
5885
5925
595
6125
6146
6416
64321
64324
672
673
675
6794
6872
6926
7048
7157
7307
7403
7428
7490
79718
8085
8242
8243
8289
8313
8314
8405
84159
84295
84962
861
865
89795
91
9126
9479
9611
9757
9817
999
