10002
10009
10014
10062
10113
10127
10153
10168
10194
10320
10365
10370
10379
10401
1044
1045
10456
10472
10481
10488
1050
1051
10514
1052
10520
10522
10524
1053
10538
1054
10589
10608
10614
10657
10661
10664
10691
10716
10725
10771
10773
10780
10782
10847
10891
10919
10987
11016
11059
11063
1108
11108
1112
11179
11244
11278
11279
11317
11319
11321
11331
114034
115950
116071
116113
116448
117581
118738
121340
121536
121549
121599
121643
122953
126070
126626
128553
130497
1316
1382
1385
1386
1387
1388
1390
139324
1406
140628
140690
1407
142
1432
144455
145258
147687
147912
148156
1482
148327
1487
1499
1523
159296
1601
1602
1616
161882
1628
163081
1643
1649
166
167826
168417
169792
170302
170825
171023
171392
1745
1746
1747
1748
1749
1786
1788
1810
1820
1831
1840
1869
1870
1871
1874
1875
1876
1877
1879
190
1958
1959
196
1960
1961
1997
199777
1998
1999
2000
2001
2002
2004
2005
201516
2018
2019
2023
2033
2034
2063
2068
2071
2077
2078
2099
2100
2101
2103
2104
2113
2114
2115
2116
2117
2118
2119
2120
2122
2130
2145
2146
2186
2274
22797
22806
22807
22809
22834
22869
22877
22882
22887
22891
2290
22926
22933
22938
2294
2295
2296
22980
22984
22992
2300
23013
2302
2303
23030
2304
23040
2305
23051
23054
23060
2307
2308
23081
2309
23090
23099
23119
2313
23152
23186
23269
23373
23394
23411
23414
23462
23492
23493
23528
2353
2354
23541
2355
23598
23764
2494
25
2516
2521
253461
253738
2547
2551
2553
256297
25803
25833
25888
25925
25937
25946
25988
26036
26152
26205
2623
2624
2625
2626
2627
26298
2637
26471
2649
26508
26574
2672
26959
27022
27033
27044
27063
27086
27107
27113
27316
2735
2736
2737
274
282890
283248
286075
28996
28999
2908
2909
29117
29128
2959
2962
2969
2971
29841
29842
29883
29950
30009
30062
3054
3059
3064
3065
3066
3068
30818
30827
30834
3087
3090
3091
3096
3097
3104
3110
3131
3142
3148
3150
3159
3164
3169
3170
3171
3172
3174
3175
3184
3195
3196
3198
3201
3202
3204
3205
3206
3211
3212
3213
3214
3216
3217
3218
3219
322
3221
3223
3224
3227
3229
3231
3232
3233
3234
3235
3236
3237
3239
324
326
328
3280
3297
3298
3299
338917
3394
3397
3398
3399
3400
340784
3428
3431
3516
3551
3607
3608
3609
3621
3622
3642
3651
3659
3660
3661
3662
3663
3664
3665
367
3670
3720
3725
3726
3727
3728
389692
3975
4005
4009
401
4010
401509
405
406
4066
4084
4086
4087
4088
4089
4090
4091
4092
4093
4094
4097
4149
4150
4152
4171
4172
4173
4174
4175
4176
4194
4204
4205
4207
4208
4209
4211
4221
4222
4223
4261
4286
429
4298
430
4300
4303
4306
4335
4487
4488
4520
4601
4602
4603
4605
4609
4613
4617
4618
463
4654
4656
466
4661
4664
4665
467
468
472
473
474
4760
4761
4762
4763
4772
4773
4774
4775
4776
4778
4779
4780
4781
4782
4783
4784
4790
4791
4792
4793
4798
4799
4800
4801
4802
4807
4808
4821
4824
4825
4853
4854
4855
4862
4869
4899
4901
4904
4929
49854
4990
4999
5013
5015
5036
50674
5074
5075
5076
5077
5078
5079
5080
50805
5081
5083
5087
5089
5090
50943
51042
51043
51058
51085
51147
51157
51176
51193
51230
51270
51274
51282
51341
51427
51497
51513
51545
51564
51586
51588
51621
51684
51710
5178
51804
5187
5241
5307
5308
5309
5316
5324
5325
5326
53335
5371
54345
5449
5450
5451
5452
5453
5454
5455
5456
5457
5458
5460
5465
5467
5468
5469
54925
54984
55274
55311
55422
55502
55534
55553
55663
55713
55734
55758
55769
55806
55809
55814
55837
55870
55885
55888
55900
5594
5595
5599
5600
5601
5602
5603
5610
56242
5629
56731
56751
56938
56998
57057
571
57167
57169
57336
57474
57492
5757
57573
57591
57616
57621
57680
57708
57761
57794
57822
57862
580
5813
58160
58500
58508
5888
5914
5915
5916
5925
59269
5933
59336
5934
59348
5966
5970
5971
5977
5978
5989
5990
5991
5992
5993
5994
6018
602
604
60468
6095
6096
6097
6239
6256
6257
6258
6297
6299
6300
6304
639
63925
63948
63978
64067
6421
6426
64321
64324
64332
64344
64375
64376
64393
646
6473
6474
64750
64764
64919
6492
6493
6495
6496
6497
6498
650
653121
654364
6591
6594
6596
6597
6598
6615
6621
6654
6655
6657
6658
6659
6660
6662
6663
6664
6667
6668
6670
6671
6672
668
6688
6689
672
6720
6721
6722
6736
6741
675
6757
677
6772
6773
6774
6775
6776
6777
6778
687
6872
6874
6877
688
6883
6886
6887
689
6907
6908
6910
6921
6923
6925
6927
6928
6929
6932
6934
6935
6938
6940
6941
6942
6943
6945
7003
7004
7005
7008
7019
7020
7021
7022
7023
7024
7025
7026
7027
7029
7030
7050
7067
7068
7071
7073
7080
7101
7110
7128
7157
7158
7161
7181
7182
7205
7227
7251
7275
7291
729991
7307
7342
7343
7376
7391
7392
7421
7428
7468
7490
7494
7508
7520
7528
7536
7538
7541
7545
7546
7547
7551
7553
7555
7556
7565
7568
7572
7579
7580
7581
7582
7589
7592
7593
7597
7629
7644
7675
7695
7702
7703
7704
7706
7707
7709
7716
7718
7727
7728
7745
7753
7755
7756
7764
7767
7773
7789
7799
7832
7849
79027
79088
7913
79230
79364
7942
79673
79727
79733
7975
79753
79797
79842
7988
79885
79923
7994
79977
80108
8013
8022
8031
80317
80345
8061
80829
8085
8091
8092
81628
8187
8193
8202
8204
8289
8295
8320
8328
83439
83463
83595
83855
83933
83990
84107
84108
84174
8431
8433
84330
84458
84525
84527
84528
8458
8462
8463
8464
84662
84699
84775
84838
84878
84922
8517
8521
8531
8538
85409
8543
8544
8553
8554
8570
860
8607
8609
861
862
8625
8626
863
864
8648
865
8805
8841
8848
8850
8856
8863
8864
8880
8928
8929
8932
8939
89884
90441
9049
90594
9063
90987
90993
9112
9189
91975
9232
9242
9247
92822
92999
9314
9324
9337
9338
93474
9355
93649
93986
94039
9421
94234
9439
9464
9480
9519
9569
9572
9575
9580
9586
9604
9611
9612
9640
9700
9734
9757
9759
9774
9794
9821
9839
9841
9849
988
9915
9925
9935
9970
9971
9975
9988
