100
1000
10000
10001
10002
100033413
1001
10010
10011
100129086
10013
100131816
10014
10015
10017
10018
100187907
10021
10025
1003
10036
10038
10039
10042
10043
10044
10048
10049
100506658
100507436
10051
10052
10055
10058
10059
10062
10063
100653061
10068
10075
10084
10085
10086
1009
10092
10096
10097
101
10106
10111
10113
10114
1012
10125
10127
10128
10129
1013
10130
10131
10133
10135
10138
10140
10142
10146
10147
10148
1015
10153
10155
10158
10163
10164
10169
1017
10174
1018
10181
10189
1019
10197
10199
102
1020
10200
10202
10208
1021
10210
10213
102157402
10217
1022
10221
10223
10226
10227
10229
10232
10236
10238
1024
10241
10247
10249
1025
10250
10251
10252
10253
10256
10257
1026
10262
10269
1027
10272
10273
10274
1028
10280
10284
10289
1029
10291
10294
10297
1030
10301
10302
10308
1031
10312
10313
10314
10318
1032
10320
10321
10327
10328
10329
1033
10330
10333
10342
10344
10346
1036
10362
10363
10368
10370
10379
10381
10382
10384
10389
10391
10392
10393
10394
10395
10397
10398
10399
104
1040
10401
10403
10406
10413
10419
10421
10425
10428
10432
10436
10437
1044
10445
10446
1045
10451
10454
10456
10457
10458
10468
1047
10471
10473
10474
1048
10480
10483
10488
10492
10497
10498
10499
1050
10501
10507
1051
10513
10514
10516
10518
1052
10524
10525
10527
10528
10533
1054
10542
10550
10551
1056
10562
10568
10572
10574
10575
10578
1058
10580
10587
10588
10589
1059
10592
10594
10606
10607
10608
10610
10611
10614
10615
10616
1062
10620
10621
10622
10623
10625
10627
10628
1063
10630
10631
10632
10637
10641
10642
10644
10648
10654
10656
10657
10658
1066
10661
10664
10673
10681
10683
10694
1071
10713
10724
10725
10726
10728
10730
10735
10744
1075
10755
10763
10765
10768
10769
10771
10776
10778
10780
10782
10788
10795
1080
10800
10801
10808
1081
10810
10813
1082
10844
10845
10848
10849
10855
10856
10857
10863
10874
10875
10885
10887
10891
10892
10897
10900
10901
10902
10903
10905
10907
10912
10914
10916
10919
10921
10923
10926
10928
10929
10935
10942
10946
10948
10949
10950
10951
10952
10953
10955
10956
10957
10963
10965
10969
10971
10972
10973
10978
10980
10982
10985
10987
10988
10992
10999
11004
11007
11009
11016
11018
1103
11030
11034
11036
1104
11040
11043
11044
11047
1105
11051
11052
11054
11059
11061
11065
11068
1107
11073
11075
11077
1108
11080
1109
11091
11098
11100
1111
11117
11120
11124
11128
11129
1113
11132
11136
11137
1114
11140
11143
11152
11156
1116
11161
11162
11163
11165
11167
11168
11169
11171
11177
11178
11183
11186
1119
11193
11194
11200
11213
11214
11218
11219
11221
11222
11224
11228
11231
11232
11235
112398
112399
112401
11243
11244
112483
11255
11257
11258
11260
11261
11266
112744
11284
112849
112858
1130
113026
1131
11315
11317
11319
113235
11331
11332
11334
11335
11336
11337
11338
1134
11340
11344
11345
1136
1138
113878
1139
1140
114034
114038
114134
1143
1145
114571
1147
114757
114770
114783
114790
114818
114823
114897
1149
114902
114907
115
115111
1152
115207
115265
1154
115426
115572
115650
1158
1161
116113
116151
116159
116254
1163
1164
116447
116461
116519
116986
117153
117157
1173
1175
117581
117583
1178
118
1181
1184
118425
118429
1185
1187
118856
1191
1195
119559
12
120
1201
1203
1207
1211
1212
121278
1213
121642
122011
122042
122786
122809
122953
123
1230
1232
1233
1234
1235
1236
123970
124
124093
124152
1244
124401
124872
124935
125058
125919
125988
126129
126206
1263
126382
1267
1268
127018
1272
127579
1277
1278
128
1280
1281
128178
1282
128209
1284
1285
1286
128602
128869
1291
1292
1293
1294
129807
130
1300
130013
1301
1302
130399
130497
130951
131
131096
1311
1312
1314
131544
131566
1316
1317
132112
1326
132625
132660
1327
132884
1329
132989
133
133522
1337
133746
1339
134
134353
134430
134510
1346
135
1350
135112
1355
135927
136227
136319
1365
1366
137075
1373
1374
137492
1375
1376
137682
1378
137835
137964
1380
138046
1381
1382
1384
138474
1385
1386
1387
1388
1389
1390
139081
1392
1393
1394
1398
1399
140
1400
1401
140290
140453
140462
140596
1406
140628
140691
1407
140739
140766
1408
140809
140885
1410
142
142686
1429
1432
143384
1434
1435
1436
143686
1437
1438
1439
1440
1441
144193
1442
1443
1445
1447
1452
145258
1453
145389
1454
145483
1455
1456
145645
1457
1459
145942
146
1460
146059
146198
1462
146227
1465
146540
146664
1468
146849
147
147040
147111
1473
1475
1476
1477
1478
1479
148
148022
1482
148327
148581
1486
148641
1487
1488
1489
1490
149095
1491
149233
1493
1495
1496
1499
1500
1503
150684
1508
1509
150921
151
1511
1512
1513
1514
151473
151636
151871
1519
1520
152006
152007
1523
1525
153
153020
153090
1535
1536
1537
154
1540
1543
154313
1544
1545
154796
1548
155
1551
155382
1555
1558
1559
156
1565
157
1571
1572
157273
157285
1573
157570
1576
1577
157777
1579
157922
158038
1581
1582
1583
1584
1585
158511
1586
158763
1588
1589
1591
1592
159296
1593
159371
1594
16
160
1601
1602
1603
1604
1606
1607
160728
1608
161
1612
1613
161514
161582
1616
161742
161882
162
1621
1622
162387
1628
163
1630
163126
163255
1633
1634
163590
1636
163702
163732
163786
1638
1639
1642
1643
1644
1645
1646
1647
1649
165
1650
1653
1654
1655
1659
166
1660
1662
1663
1666
1667
1668
167
1670
1671
1673
1674
1676
1677
168451
168507
169355
169966
170482
170627
170680
170949
171177
171558
171568
1718
1719
1728
1734
1736
1738
174
1743
1746
1749
175
1756
1759
176
1760
1761
177
1773
1775
1777
1778
1780
1781
1785
1786
1788
1789
1791
1793
1796
1798
1801
1802
1803
1806
1808
1809
1811
1812
1813
1819
182
1820
1822
1824
1828
1829
183
1830
1831
1832
1834
1837
1839
1840
1843
1846
1848
185
1854
1855
1856
1857
1859
186
1869
187
1870
1871
1874
1875
1876
1879
1889
189
1890
1892
1893
1894
1896
19
190
1901
1906
1907
191
1910
1912
1915
1917
192111
1933
1936
1937
1938
1943
1949
1950
1952
1953
1954
1956
1958
196
1960
1961
1962
1964
196403
196441
1965
196513
1968
1969
197
197259
1973
197320
197358
1975
1977
1979
1981
1982
1991
1992
1994
1997
199745
199777
1999
2
20
2000
200185
2002
2005
200558
2006
200734
2010
201254
2015
2018
2019
2020
2022
2023
202559
2026
2028
203062
203068
203228
2033
2034
2035
2038
204
2040
2041
2042
204219
2043
2044
2045
2046
2047
2048
204851
2049
2050
2051
2052
2056
2057
2058
2063
2064
2065
2066
2067
2068
2069
207
2071
2072
2073
2074
2077
2078
2079
208
2081
2091
2098
2099
21
2100
2101
2104
2107
2108
2109
211
2110
2113
2114
2117
2118
212
2120
2122
2125
213
2130
2131
2132
2138
2139
2146
2147
2149
2152
2155
2157
2158
2159
216
2161
2162
2166
2167
2168
2169
2170
2171
2172
2173
2175
2176
2177
218
2180
2181
2182
2184
2185
2186
2189
2191
2192
2194
219595
219699
2197
2199
220
2200
220108
2202
2203
220359
2204
2205
2206
220717
2208
2209
220988
79741
221037
221188
2213
2214
2215
221946
221981
222068
2222
222389
2224
222546
222643
223
2232
2235
2237
224
2241
2242
2243
2244
2246
2247
2249
225
2252
2253
2254
2255
2258
226
2260
2261
2263
2264
2266
2267
2271
2272
2273
2274
2275
2277
22795
22797
2280
22800
22806
22807
22808
22820
22823
22824
22826
22827
22828
22834
22852
22853
22858
2286
22866
22868
2287
22877
2288
22884
2289
22894
229
2290
22900
22906
22907
22914
22915
22916
22919
22926
22927
22929
22933
22938
22943
22944
22948
2295
22953
2296
2297
22976
22981
22984
22992
23
230
23013
23019
23020
23028
2303
23034
23036
23039
2304
23040
23042
23043
2305
23051
23054
23057
23063
23065
23067
23071
23072
23076
23077
2308
23081
23082
23086
23089
2309
23090
23093
23095
23099
231
23113
23118
2312
23122
23126
2313
23130
2314
23140
23149
2315
23151
23152
2316
23165
23167
23173
23174
23175
23186
23187
2319
23193
23199
2321
23216
2322
23220
23221
23224
23225
23237
2324
23244
2328
23281
23287
2329
23291
23305
23309
2332
23325
23327
23328
23348
2335
23355
23360
23368
23371
23384
23385
23404
23405
23406
23410
23411
23412
23415
23417
23418
23421
23424
23426
23429
23433
23435
23439
23450
23451
23456
2346
23462
23468
23471
23474
2348
23481
23493
23499
23506
23512
23514
23516
23517
23522
23523
23524
2353
23533
23543
23545
2355
23552
23557
23559
2356
23560
2357
23574
23582
23583
23586
23588
23589
23592
23594
23595
23596
23598
23600
23603
23604
23607
23608
23612
23613
23621
23624
23626
23633
23635
23636
23641
23643
23645
23647
23648
23649
23650
23660
23677
23741
23764
23767
23774
23786
23787
238
239
2395
240
241
24137
24140
24144
24148
246
246184
246329
246778
247
2475
248
2488
249
2492
2494
2495
25
250
251
2512
2516
2520
2521
2523
2524
2525
2526
2529
2534
253714
2538
2539
254170
254394
2547
2548
254896
2550
255061
2551
2557
255738
2558
2562
256380
2564
2571
257169
257397
25759
2576
25764
25782
25788
2580
25800
25803
25804
25805
2581
25813
25814
25824
25825
25842
25843
25847
2585
25852
25865
2587
25873
25876
2588
25880
25885
25897
25898
2590
25902
25907
2591
25911
2592
25920
259266
25928
25929
2593
25937
25942
25950
2597
25987
25994
25996
26003
26012
26013
26015
26018
26019
26035
26036
26039
26043
26047
26052
26063
26073
26086
26128
26135
26140
26145
26146
26156
26160
2617
26173
2618
2619
262
2622
26224
26227
26229
2623
26233
2624
2625
26257
26259
2626
26266
2627
26277
26278
26287
2629
26291
26292
2631
2632
2633
26353
26354
26355
2638
2641
2643
2644
2645
26468
2647
26470
26471
2648
2649
265
26511
26523
26525
2653
26574
266
26608
2661
2665
266743
2668
2670
2671
26747
26750
268
2683
2687
2688
2689
2690
2694
26953
26959
2696
2697
26986
26993
26994
26999
27
2702
27022
27032
27033
27035
27040
27043
27044
2705
2706
27063
27077
27086
27097
27098
271
2710
27101
27102
27109
27113
2712
27127
27130
27143
27148
27161
2717
27173
27175
27178
27183
27185
27189
2719
272
27230
27235
27242
27244
27257
27286
27289
2729
27290
27296
273
2730
27306
27309
27316
27319
27330
27334
27335
27338
27339
2734
27347
27348
27349
2735
27350
2736
2737
274
2740
2741
27429
27430
2744
2746
2752
2760
2762
2765
2770
2771
2778
2791
2794
2796
2797
2798
2799
2801
2804
2805
280659
2810
2811
2812
2815
2820
28231
28234
282616
282617
282618
2828
283078
283093
283149
28316
283234
283298
2833
283392
283554
283601
283629
283643
283745
283897
284058
284085
284111
284119
284186
284241
284403
284541
284808
284889
285
28514
285220
285464
285598
285671
285847
286121
286205
2863
286514
2868
286826
2872
2874
2876
2877
2878
2879
2885
2893
2896
28970
28972
28977
28985
28992
28996
28998
290
2901
2902
29028
2904
2906
29066
29070
29072
2908
29080
29097
29098
291
29102
29105
29106
29107
29110
29115
29117
29119
2912
29122
29127
29128
2915
2919
292
2920
2921
2923
2925
2928
293
2931
2932
2934
2937
2938
2944
2946
2947
2948
2950
2956
2957
2958
2959
2960
2961
2962
2963
2965
2966
2967
2968
2969
2971
2972
2975
2976
29761
29766
2980
2981
2983
2984
29855
29880
29881
29882
29890
29893
29894
29899
2990
29902
29903
29911
2992
29920
29922
29925
29927
29931
2994
29945
2995
29956
29959
29968
29979
29982
29984
29985
30
30001
30008
30014
3002
3006
3012
3014
3015
3018
302
3020
3030
3032
3034
3039
3040
3043
3045
3046
3047
3050
3054
3055
306
3064
3065
3066
3069
3073
3074
3077
30811
30816
30818
3082
30827
30834
30835
30836
30837
3084
30844
3087
3090
3091
3092
3093
3094
3096
3098
3099
31
3101
3104
3105
3106
3107
3108
3109
3110
3111
3112
3113
3115
3117
3118
3119
312
3120
3122
3123
3125
3126
3127
3133
3134
3135
314
3145
3146
3148
3149
3151
3156
3157
3158
3159
316
3161
3162
3164
3169
317
3170
3171
3172
3174
317772
3178
3181
3182
3183
3184
3185
3187
3188
3190
319089
3191
3192
3196
3198
3199
32
3201
3202
3204
3205
3206
321
3212
3214
3217
3218
3219
322
3224
3229
3232
3233
3235
3239
324
3240
3248
325
3250
326
3263
3265
326625
3267
3269
3275
3276
328
3280
3281
3283
3284
329
3290
3291
3292
3294
3295
3297
33
330
3300
3301
3303
3304
3305
3306
3308
3309
331
3310
3312
3313
3315
3316
332
3320
3324
3326
3329
333
3336
3337
3339
333926
333929
334
335
3350
3351
3355
3356
336
3360
337
3371
3373
3375
3376
337880
338
3381
3383
3384
3385
3386
338917
339201
339390
3394
339524
339685
3397
3398
3399
34
3400
340024
340419
3417
3420
3426
3428
3430
3431
3437
3439
3440
3441
3442
3443
3444
344454
3445
3446
3447
3448
3449
345
3451
3452
3454
3455
3456
3458
3459
347240
3475
3476
347730
347733
3479
348
3480
3481
3482
3484
3485
3486
3487
3488
3491
3492
350
3501
3502
351
3512
3516
353
3535
353500
354
3549
355
3551
3552
3553
3554
3556
3557
3558
3559
356
3560
3561
3562
3563
3565
3567
3568
3569
3570
3572
3574
3575
3576
3577
3579
358
3586
3589
359
3590
3592
3593
3594
3595
3596
359710
3598
359845
360
3600
3601
3603
3604
3605
3606
3608
3611
3613
3615
3620
3621
3622
3624
3627
3630
3631
3638
364
3640
3642
3643
3646
3651
3654
3655
3656
3658
3659
3660
3661
3662
3665
3667
3669
367
3670
3673
3674
3676
3678
368
3680
3681
3683
3684
3685
3687
3688
3689
3690
3691
3695
3696
3697
3708
3713
3714
3716
3717
3718
372
3720
3725
3726
3727
3728
373
3730
373156
3732
3739
374
3741
3749
375
375449
3757
375790
3759
3762
376497
3767
3773
3778
3779
378
3782
3785
3786
3791
3795
3796
3797
3799
38
3804
3811
3814
3815
3816
3817
3818
382
383
3832
3833
3835
3836
3837
3838
3839
384
3840
3842
3845
3848
3849
3851
3852
3853
3855
3858
3859
3860
3861
3866
3868
387
387103
3872
3875
387775
387893
388
3880
3881
388585
388697
3887
3888
389
389036
389421
3897
39
390
3903
3904
3909
391
3910
3911
3912
3913
3915
3916
3918
3925
3929
3930
3931
3932
3934
3936
3938
3939
3945
3948
3949
3952
3953
3955
3956
3958
3959
3960
3964
3965
3972
3973
3975
3976
3977
3978
398
3980
3981
3983
3988
399
3990
3991
3995
399694
40
400
4000
400094
4001
400322
4004
4005
4008
4009
401
4010
4012
4014
4015
4016
4017
4023
403
4035
4037
4041
4046
4047
4048
4049
405
4050
4055
4056
4057
405754
406
4066
4067
4068
4069
407
4072
4074
4076
4077
408
4084
4085
4086
4087
4088
4089
409
4090
4091
4092
4093
4094
4097
4102
4103
4105
411
4110
4111
4113
4116
412
4122
4124
4125
4128
4129
4130
4131
4134
4137
4141
414325
4144
4146
4149
4152
4153
4154
4155
4157
4158
4162
4163
417
4170
4171
4172
4173
4174
4175
4176
4179
4188
4190
4192
4193
4194
4199
420
4200
4204
4205
4208
4209
4210
4211
4212
4214
4215
4217
4218
4221
4222
4223
4224
4225
4233
4234
4236
4241
4242
4245
4248
4249
4255
4256
4257
4261
4267
427
4277
4282
4283
4284
4285
4286
4288
4289
429
4292
4294
4297
4299
43
430
4301
4302
4303
4306
4308
4311
4312
4313
4314
4316
4317
4318
4319
4320
4321
4322
4323
4324
4326
4327
4331
4332
4335
4340
4342
4350
4352
4353
4356
4357
4359
4361
4363
43847
439927
440
440275
440738
4430
4435
4436
4437
444
445
4477
4478
4481
4485
4487
4488
4489
4495
4501
4504
4508
4513
4522
4524
4538
4540
4547
4548
4552
4582
4583
4584
4585
4586
4588
4591
4594
4599
4601
4602
4603
4605
4609
4610
4613
4615
4616
4617
4618
462
4624
4626
4627
4628
4629
4637
4642
4645
4646
4653
4654
4656
4661
4664
4665
4666
467
4670
4671
4673
4676
4678
468
4680
4681
4683
4684
4686
4688
4689
4690
4691
4692
4694
4695
4697
47
4701
4704
4706
4709
471
4711
4717
4719
472
4723
4726
4729
4733
4734
4736
4738
4739
4741
4745
4747
4750
4751
4753
476
4760
4762
4763
477
4772
4773
4776
4778
4779
478
4780
4781
4782
4783
479
4790
4791
4792
4793
4794
4795
48
480
4800
4801
4802
4803
4804
4807
4808
4809
481
4811
4814
4815
4817
482
4820
4821
4825
4826
483
4830
4831
4832
4835
4836
4841
4842
4843
4846
4849
4851
4852
4853
4854
4855
4856
486
4860
4862
4863
4864
4868
4869
4878
4879
488
4881
4882
4885
4886
489
4893
4897
49
490
4900
4901
4904
4907
4908
4913
4914
4915
4916
4917
4919
4921
4922
4924
4927
4928
4929
4939
4942
4948
4953
4968
4969
4973
498
4982
49856
4988
4998
4999
50
5000
5001
5008
5009
5015
5016
5020
5021
5023
5024
5025
5026
5029
5030
5033
5034
5036
5037
5042
5045
5046
5047
5048
50484
50486
5049
5050
50507
50511
50514
5052
5054
5055
5058
506
50616
50624
50628
50649
50674
5069
5071
50717
5076
5077
5078
5079
5080
50802
50804
50808
5082
5087
509
5091
5092
5093
5094
5097
51
51002
51003
51004
51013
51021
51042
5105
5106
51061
51072
51075
51076
51079
51082
51085
51094
5110
51100
51106
51107
5111
51128
51129
51132
51135
51145
51147
51157
5116
51160
51162
51170
51171
51172
51176
51177
5118
51182
51184
51199
51206
5122
51224
51246
5126
5127
51278
51282
51284
51293
5130
51304
51317
5132
51324
5133
51330
51340
51341
51343
51360
51361
51362
51363
51364
51366
51373
51377
51384
51386
51388
51399
51406
51422
51426
5143
51433
51434
5144
51440
51442
51444
5145
51460
51465
5147
51477
51493
51495
51496
51497
515
5150
51503
5151
51512
51517
5152
51520
51523
51529
51534
5154
51548
5155
51559
5156
51561
51566
51567
5158
51585
51586
51588
5159
51592
51596
51599
5160
51603
51611
51616
51619
5163
51639
5164
51649
5165
51652
5166
51665
51676
5168
51684
51686
5169
51691
51692
5170
51701
51702
51703
5172
51720
5173
51738
51741
5175
51752
5176
51760
51776
5178
5179
51804
51806
51816
5187
5190
5195
5196
5198
52
5202
5204
5207
5208
5209
5210
5211
5214
5216
5217
5222
5225
5228
5230
5241
5243
5244
5245
5250
5252
5256
526
5265
5268
5270
5272
5276
5279
5281
5284
5289
529
5290
5291
5292
5293
5294
5295
5296
5300
5303
5304
5307
5308
5309
5310
5313
5315
5316
5317
5318
5320
5321
5325
5327
5328
5329
533
53335
5335
53358
5337
5339
534
5340
5346
5347
5349
5351
5354
5356
5359
5360
5361
53615
53632
53635
5364
5366
5368
5371
5373
5376
5378
53826
53828
5387
53916
5393
53944
5396
53981
54
54033
54058
54106
54107
5411
5412
5413
54165
54187
5420
54205
54206
54207
5422
5423
5424
5425
5426
5427
5430
5431
5432
5433
54332
5434
54345
5435
5436
54361
5437
5438
54386
5439
5440
5441
5442
5443
54432
5444
54442
54443
5445
54457
5447
54472
54474
54487
5449
54494
54496
545
5450
54509
5451
54512
5452
54520
54522
54535
5454
54541
5455
54550
54566
54567
5457
54575
54576
54577
54578
5458
54583
54596
5460
54600
54606
5464
5465
54657
54658
5467
5468
54680
54681
5469
54700
5471
54715
5473
54739
54751
54756
54765
54766
54769
54778
5478
54784
5479
54802
5481
54819
54820
54829
54838
54840
54847
54880
54886
54887
54892
54893
54919
54923
54925
5493
54937
54938
54971
54972
54977
54978
5498
54987
54988
5499
55
5500
55008
5501
55011
55013
55037
55039
55048
55054
5506
55068
5507
55072
55075
55086
55088
551
5510
55109
5511
55111
55127
55128
55130
55145
55146
5515
55153
5516
55160
55161
55172
55179
5518
55183
55184
5519
5520
5521
55212
55215
55219
5522
55223
55226
55236
5524
55240
55250
55258
55269
5527
55279
5528
55288
5529
55290
55294
55299
5530
5531
553115
5532
55324
5533
55332
55333
55339
5534
5535
55353
5536
55367
5538
55388
55422
5550
55503
55509
5551
55512
5553
55534
55554
55559
55561
55577
5558
55593
55596
55599
55611
55619
5562
55620
55622
55625
55629
5563
55636
5564
55643
55646
5565
55655
5566
55660
55662
55663
55664
55669
5567
5568
55681
55695
55698
5570
55703
55705
55706
5571
55714
55718
55720
55722
55723
55726
55727
55728
55729
5573
55740
55741
55749
55776
55777
5578
5579
55791
558
5580
55802
55806
55809
5581
55813
55814
55823
55825
55835
5584
55841
55844
5585
55851
5586
55869
5587
55872
5588
55884
55885
5589
55890
55891
55898
5590
55902
55907
5591
55911
55914
5592
55922
5593
55937
5594
5595
55958
55959
55968
55969
5597
5598
5599
56
5600
5601
5602
5603
56034
5607
5608
5610
5611
5612
56125
5613
56144
56159
56160
56165
5617
5619
5621
5624
5625
56254
56257
5630
56302
56339
5634
5635
5638
56475
56478
5649
5652
5654
56547
5655
5657
5660
5663
5664
56648
56654
56681
5669
567
5670
56704
5671
5672
56729
5673
5678
5682
5683
5684
5685
56852
5686
5687
5688
5689
56893
56895
56902
56910
56915
56916
5692
56924
5693
56937
56938
5694
56944
56949
5695
56952
5696
56978
5698
5699
56998
5700
5701
57016
5702
57020
57026
5704
5705
57050
5706
57060
57062
5707
5708
57085
57088
57089
5709
57096
571
5710
57104
57109
5711
57113
57126
5713
57134
57139
5714
57142
57144
57154
57158
5716
57165
5717
57176
57178
5718
5719
57194
572
5724
5725
5727
5728
573
5730
5732
57326
57332
57338
5734
57343
5737
57379
57381
5739
5741
5742
5743
5744
57447
57448
57459
57466
5747
57473
57491
57496
575
57504
57506
57510
57512
57521
5753
57532
57541
57556
57559
57560
57562
57569
5757
57573
57576
57591
57595
57596
57599
576
57602
57634
5764
57650
57658
57670
57680
57691
5770
5771
57761
5777
5778
57787
57794
57799
578
57804
57805
5781
57817
57818
57819
5782
57822
5783
57862
5787
5788
5792
5793
5797
58
580
5800
5803
5806
581
5814
58158
5817
58190
582
5822
5824
5827
583
5830
5831
5836
58473
58477
58480
58484
58486
58487
58498
585
58500
58505
58508
58511
5859
586
5860
5861
5863
5864
5867
5871
5873
5877
5879
5880
5881
5883
5885
5886
5887
5888
5890
5893
5894
5896
5897
5898
59
590
5900
5901
5902
5903
59067
5909
5910
5914
5915
5916
5917
5918
5920
5921
5923
5925
5926
5927
5928
5929
593
5930
59307
5931
5932
5933
5934
59348
5936
5947
5949
595
596
5965
5966
5967
597
5970
5971
5972
5973
5976
5977
5978
5979
598
5980
5981
5982
5983
5984
5985
5986
5987
5989
5992
5993
5994
5996
5997
5999
60
6004
6010
6013
6014
6015
6016
6019
602
6036
604
6041
60412
60436
6045
6046
60468
6047
60482
60485
60487
6049
60491
60492
60495
60496
605
60528
60529
60561
6059
60592
60673
60676
60684
607
608
6093
6095
6096
6097
610
6117
6118
6119
6121
6122
6124
6125
6128
6129
613
6130
6132
6133
6134
6135
6136
6137
6138
6141
6142
6143
6146
6147
6152
6154
6155
6156
6157
6158
6159
6160
6161
6164
6165
6167
6168
6169
6173
6175
6181
6182
6184
6185
6188
6189
6191
6193
6194
6195
6196
6197
6198
6202
6203
6204
6205
6207
6208
6209
6210
6217
622
6222
6223
6224
6227
6229
623
6230
6231
6232
6233
6234
6235
6237
6238
624
6240
6241
6247
6249
6253
6256
6257
6258
6262
627
6271
6273
6275
6277
6278
6279
6280
6281
6285
6286
6288
6289
629
6294
6297
6299
6300
6301
6302
6303
6310
6311
6314
6317
6318
6319
632
6322
633
6334
6335
6337
6338
634
6340
6342
6343
6344
6347
6348
6351
6352
6354
6356
6357
6360
6361
6362
6363
6364
6366
6367
637
6373
6374
6376
638
6382
63826
6385
6386
6387
6388
63891
63893
639
6390
63928
63931
63967
63970
63973
6399
640
6400
6401
6402
6403
6406
64061
64065
64083
64087
641
64100
64105
64108
64110
64114
64115
64116
64127
64129
64137
64167
6418
642
6421
64210
64216
64219
6422
64220
6423
64236
64240
64241
6426
6427
6428
6429
643
6430
6431
6432
64320
64321
64324
64326
64332
64333
64343
64374
64375
64376
64388
6439
64393
64397
64399
644
6440
6441
64421
64425
64431
6446
6448
6450
6452
6457
64591
64598
646
6462
6464
64682
6469
64699
6470
64714
6472
64750
64753
64754
64759
64762
64764
6477
64777
6478
64785
64795
648
6480
64800
6482
6484
64843
64849
6487
649
6490
6493
64946
6496
64968
6497
64976
64978
6498
650
6500
65009
6502
6503
6507
6509
65109
65125
6513
6514
6515
6517
652
6520
6522
6523
65264
6528
653
6530
653067
6531
653121
653145
6532
6533
653361
653509
653604
653808
654
6541
654364
6548
6549
655
6550
6554
6555
6556
6558
656
6564
6566
657
6573
6574
658
6581
6582
6583
6585
6586
659
6590
6594
6595
6596
6597
6598
6599
65990
660
66002
6601
6602
6603
6604
6605
6606
6607
6608
6609
661
6610
6611
6612
6613
6615
6616
6617
6618
6619
6620
6621
6622
6623
6624
6625
6626
6627
6628
6629
663
6632
6633
6634
6635
6636
6637
6638
664
6643
6645
6647
6648
6654
6656
6657
6662
6663
6664
6667
667
6670
6678
6683
6687
6688
6689
6690
6692
6693
6695
6696
6698
6699
6700
6707
671
6711
6714
6715
6717
672
6720
6721
6722
6723
6725
6727
6729
673
6731
6734
6736
6737
6741
6742
6744
6747
6748
6749
675
6751
6752
6757
6759
6764
6767
677
6770
6772
6773
6774
6775
6775083
6776
6777
6778
678
6783
6786
6787
6789
6790
6794
6799
680
6809
6811
6812
682
6822
6827
6829
683
6834
6835
6838
6839
684
6840
6843
6844
6850
6853
6854
6855
6856
6857
6866
6868
6869
687
6871
6872
6874
6875
6876
6877
6878
6879
688
6880
6881
6882
6883
6884
6885
6886
6888
689
6890
6891
6892
6897
6898
690
6900
6901
6903
6904
6907
6908
6915
6916
6917
6919
6921
6923
6925
6927
6928
6929
6932
6934
6935
6936
6938
694
6945
6948
6949
695
6950
6955
6957
6964
6988
6996
6997
6999
7003
7004
7006
701
7010
7011
7013
7014
7015
7018
7019
7020
7022
7024
7025
7026
7027
7029
7030
7031
7032
7033
7037
7038
7039
7040
7041
7042
7043
7045
7046
7047
7048
7049
7050
7051
7052
7054
7056
7057
7060
7064
7066
7068
7069
7070
7071
7074
7076
7077
7078
7079
708
7080
7082
7083
7088
7089
7091
7095
7097
7098
7099
71
7105
7110
7112
7113
7114
7122
7124
7125
7126
7127
713
7130
7132
7133
7134
7137
7150
7153
7155
7156
7157
7158
7159
716
7161
7166
7167
7169
7170
7172
7173
7174
7175
7178
718
7181
7182
7184
7185
7186
7187
7188
7189
72
720
7200
7201
7203
7205
721
7220
7226
7227
7248
7249
725
7251
7252
7253
7257
7263
7266
7270
7272
7276
7277
7278
727897
7283
728340
7286
728622
728642
7288
7289
7291
7292
729230
729238
7295
7296
7297
7298
7299
7305
7306
7307
7311
7314
7316
7317
7319
7320
7321
7322
7323
7327
7328
7329
733
7332
7334
7336
7337
7341
7342
7343
7345
7350
7351
7352
7356
7357
7358
7363
7364
7366
7367
7368
7371
7372
7374
7375
7376
7378
7381
7385
7389
7390
7391
7392
7398
7402
7403
7407
7408
7409
7412
7415
7417
7421
7422
7423
7424
7425
7428
7430
7431
7432
7433
7436
7439
744
7443
7447
7450
7453
7454
7458
7465
7466
7468
7471
7472
7473
7474
7475
7476
7477
7478
7479
7480
7481
7482
7483
7484
7486
7490
7494
7497
7498
7504
7507
7508
7511
7514
7515
7516
7520
7525
7528
7529
7531
7532
7533
7534
7535
7536
7538
754
7542
7545
7546
7551
7555
7572
7574
7582
760
7639
766
7675
768
7693
770
7702
7703
7704
7705
7706
7707
7709
771
7718
7726
7727
7745
7746
7750
7753
7755
7767
7775
7786
7789
7791
7799
7803
7804
7805
7818
782
7827
7832
7846
7849
7850
7851
7852
7867
7871
7873
7874
788
7884
78990
790
79004
79009
79036
79039
79048
7905
79050
79057
79071
79084
79087
79089
79090
79094
79101
7913
79148
7915
79155
7916
7917
7918
79184
7919
7922
79228
793
79364
79365
794
79400
79444
79446
79447
79568
7957
79577
79586
79589
79595
796
79602
79632
79644
79648
7965
79650
79656
79657
79659
79661
79666
79674
79707
79710
79716
79718
79720
79728
7975
79751
79753
79767
79770
7978
79784
79797
7980
79803
79817
79830
79841
79850
79868
79869
79870
79871
79873
7988
79892
799
79913
7993
79931
7994
79959
79966
79968
79987
800
80021
80022
80025
80034
80054
80072
801
80110
80124
80125
8013
80176
8019
80204
80205
8021
80263
8027
80279
8030
8031
80318
80321
80325
80326
80329
80335
80344
80347
80349
8048
8050
8061
8065
80704
80714
8073
80736
80781
808
80817
80834
8085
80852
80854
8087
8091
81
81029
81030
8106
811
8125
8131
814
8140
8148
81488
815
8153
81545
81559
81565
81567
81570
81576
816
8161
81620
81624
81631
8165
81671
81691
817
8170
81704
8174
8175
8178
81793
818
81844
81848
81855
81857
81873
81887
8189
81890
81894
8190
81928
8195
820
8202
8204
8209
8214
8216
8218
8237
8239
8242
8243
826
8260
8269
827
8270
8273
8288
829
8290
8295
8301
8309
8310
8312
8313
8314
8315
8317
8318
8321
8328
8334
8337
8338
834
8340
83439
83443
83461
8347
8348
83480
83481
8349
835
8350
83538
83595
83596
836
83604
83607
83637
83640
83641
83667
837
8370
83729
83737
83755
8379
83844
83850
83861
83878
83879
839
83933
83939
8398
83990
83998
840
8402
8403
8405
8406
84060
84062
8407
84074
84076
84078
84079
8408
84080
8409
841
84105
84106
84108
84133
84142
84148
84164
84168
8417
84171
84172
84181
8419
84197
842
84246
84247
8425
84264
8428
84285
84289
84298
843
8431
84313
84315
8433
8434
84364
8438
84433
84440
84441
84444
84445
84447
8446
84464
84466
8451
84515
84528
8453
8454
84557
84572
8458
846
84617
84628
84634
8464
84640
8467
84676
84680
84699
847
84705
84707
84708
8471
84726
8473
84823
84833
84844
84864
84867
84879
84883
84894
84902
84922
8493
84933
84939
84957
84962
84966
84967
8498
8499
84993
8501
8503
8504
8508
8510
8517
8518
8520
8521
8526
8527
8528
85302
8531
85313
8533
85359
85366
8540
85413
85415
8543
8544
85441
85478
8548
85480
8549
8553
8554
8555
8556
8558
8560
8563
8566
8567
8569
857
8570
8572
8573
8574
8575
8576
8578
858
859
86
860
8600
8602
8607
8608
861
8615
862
8624
8625
8626
8629
863
8639
864
8643
8644
8647
8648
865
8650
8651
8654
8655
8660
8661
8663
8665
8668
8669
867
8675
8676
8677
8678
868
8683
8688
8689
869
8697
87
871
8712
8714
8717
8720
8721
8722
8725
8726
873
8731
8737
8738
8739
8740
8743
8745
875
8761
8763
8766
8767
8772
8788
8789
8790
8792
8793
8794
8795
8797
8802
8804
8805
8812
8813
8818
8819
8820
8826
8829
8835
8837
8839
8841
8842
88455
8847
8848
885
8850
8851
8859
8861
8862
8863
8864
8869
887
8870
8877
8878
8879
8881
8882
8883
8886
8888
8892
8894
8899
890
8900
8907
891
8912
8915
8916
892
8926
8928
8930
8932
8933
894
8940
8945
896
8968
89780
89781
898
89849
8985
89853
8986
89874
89882
89885
8991
8992
8994
89941
8996
8997
9
90
900
9001
901
9013
9014
9015
9016
902
9020
9021
9025
9031
90317
9034
904
90417
9043
9044
90441
90480
9049
9055
9060
90627
9063
90634
90665
90673
90678
9070
9075
908
90850
9091
9093
90933
9094
9099
90993
91
9104
9111
9112
9119
912
9124
9126
9127
9128
9131
9133
9134
9136
9138
9139
914
9144
9145
9146
9149
915
9150
9153
9154
9156
9166
9167
9168
917
9170
9173
91768
9179
9181
9183
9184
91851
9188
9189
919
92
920
9201
9205
921
9212
92140
9218
9219
9221
923
9230
9232
9238
924
9241
9242
9244
925
9252
9253
926
9260
92609
9261
9270
9271
92737
9276
9277
928
9282
92822
929
9295
93
930
9308
931
93107
9313
9318
9319
9320
9321
9322
9325
9326
9328
9329
933
9330
9332
9334
93343
9343
9349
9350
9351
9352
9356
9360
9361
93649
9365
9370
9372
9373
9374
9375
9376
9377
9378
9391
9392
9397
93986
94
940
9400
9401
9402
9404
94081
94086
941
9410
94103
94104
9412
9415
9416
9419
942
9420
9421
94241
9429
943
9436
9439
9440
9441
9443
9446
9448
945
9450
9451
9453
9454
9463
9464
9466
947
9470
9474
9477
9479
948
9481
9482
9488
949
9491
9496
950
9500
9502
9507
9508
9510
9513
9515
9516
9518
9519
952
9522
9531
9532
9533
9536
9537
9538
9540
9541
9542
9546
9547
9555
9563
9564
9568
9572
9573
9575
9576
9577
958
9580
9584
9585
9586
9587
9589
959
9590
9592
9595
960
9603
9604
9611
9612
9615
9618
9619
9620
9622
963
9631
9636
9641
9646
965
9652
9655
9656
9659
966
9662
9667
967
9670
96764
9677
968
9683
9685
9686
9687
9688
9689
969
9693
9698
9700
9704
9706
9709
971
9716
972
973
9733
9734
9735
9738
9739
974
975
9755
9757
9759
976
9765
977
9774
9775
978
9781
9782
9784
9785
9786
9788
9791
9794
9796
98
9801
9802
9804
9808
9810
9814
9817
9820
9821
9825
9828
983
9833
9837
9839
984
9843
9846
9860
9861
9862
9868
9869
987
988
9882
9886
9892
9894
990
9903
991
9915
9919
9926
9927
993
9933
9935
9939
994
995
9958
996
9961
9965
9967
9968
9969
997
9971
9972
9978
998
9982
9985
9987
9988
999
9994
